Time stamp,Power,avg_temp
1680469826.709028, 0.0, 40.78
1680469826.9093564, 0.0, 40.78
1680469827.109685, 0.0, 40.78
1680469827.3100345, 0.0, 40.78
1680469827.510425, 0.0, 40.78
1680469827.710776, 4.302, 40.78
1680469827.9111073, 4.302, 41.856
1680469828.1114683, 4.302, 40.78
1680469828.3118846, 4.302, 40.78
1680469828.5122714, 4.302, 40.78
1680469828.7126005, 4.26, 40.78
1680469828.9129581, 4.26, 40.78
1680469829.1133122, 4.26, 41.318
1680469829.3136828, 4.26, 40.78
1680469829.514015, 4.26, 41.318
1680469829.7144089, 4.271, 41.856
1680469829.9147635, 4.271, 40.78
1680469830.1151085, 4.271, 41.318
1680469830.3154504, 4.271, 40.78
1680469830.5159838, 4.271, 40.78
1680469830.7163498, 4.267, 41.856
1680469830.9167318, 4.267, 41.318
1680469831.1171057, 4.267, 41.318
1680469831.3175209, 4.267, 41.318
1680469831.5178552, 4.267, 41.856
1680469831.7184196, 4.26, 41.856
1680469831.9187672, 4.26, 41.856
1680469832.119118, 4.26, 41.318
1680469832.3194582, 4.26, 41.856
1680469832.519795, 4.26, 41.318
1680469832.7201607, 4.504, 41.856
1680469832.9205122, 4.504, 41.856
1680469833.1209688, 4.504, 42.394
1680469833.3213413, 4.504, 41.856
1680469833.5217013, 4.504, 41.856
1680469833.7220457, 4.267, 41.856
1680469833.9224439, 4.267, 41.856
1680469834.122891, 4.267, 41.318
1680469834.3232427, 4.267, 41.856
1680469834.5238004, 4.267, 41.856
1680469834.7241688, 4.271, 41.856
1680469834.9245973, 4.271, 42.394
1680469835.1249738, 4.271, 42.394
1680469835.3253498, 4.271, 41.856
1680469835.5257237, 4.271, 42.932
1680469835.7261014, 4.26, 41.856
1680469835.9267035, 4.26, 42.394
1680469836.1270387, 4.26, 41.856
1680469836.3274188, 4.26, 41.856
1680469836.5277355, 4.26, 42.394
1680469836.7281137, 4.256, 42.394
1680469836.928482, 4.256, 42.394
1680469837.1289415, 4.256, 42.932
1680469837.329517, 4.256, 42.932
1680469837.5298526, 4.256, 41.856
1680469837.7302616, 4.344, 41.856
1680469837.9306624, 4.344, 42.932
1680469838.13099, 4.344, 41.856
1680469838.3313403, 4.344, 41.856
1680469838.5316954, 4.344, 42.394
1680469838.7320547, 4.267, 41.856
1680469838.9324071, 4.267, 42.932
1680469839.1327434, 4.267, 41.856
1680469839.3331282, 4.267, 42.394
1680469839.533539, 4.267, 42.394
1680469839.7341301, 4.267, 42.394
1680469839.9347255, 4.267, 42.394
1680469840.1350713, 4.267, 42.932
1680469840.3354945, 4.267, 42.394
1680469840.535847, 4.267, 43.47
1680469840.7361784, 4.275, 42.932
1680469840.936523, 4.275, 42.394
1680469841.1369095, 4.275, 42.394
1680469841.3373249, 4.275, 42.932
1680469841.5376983, 4.275, 42.932
1680469841.7381132, 4.263, 42.932
1680469841.9384844, 4.263, 42.394
1680469842.138796, 4.263, 41.856
1680469842.3391337, 4.263, 42.932
1680469842.5394692, 4.263, 42.932
1680469842.7397983, 4.263, 42.932
1680469842.94014, 4.263, 42.932
1680469843.140639, 4.263, 43.47
1680469843.3410208, 4.263, 42.932
1680469843.5413907, 4.263, 42.932
1680469843.7417383, 4.271, 42.932
1680469843.9421413, 4.271, 42.932
1680469844.1425433, 4.271, 43.47
1680469844.3428323, 4.271, 42.932
1680469844.5432081, 4.271, 42.932
1680469844.743557, 4.26, 42.932
1680469844.9439309, 4.26, 42.932
1680469845.1442723, 4.26, 42.932
1680469845.3446262, 4.26, 42.932
1680469845.5449717, 4.26, 42.932
1680469845.7453346, 4.271, 42.932
1680469845.9456837, 4.271, 43.47
1680469846.1460629, 4.271, 42.932
1680469846.3464525, 4.271, 42.932
1680469846.5468016, 4.271, 42.932
1680469846.7471604, 4.275, 42.932
1680469846.9475172, 4.275, 42.932
1680469847.1478791, 4.275, 43.47
1680469847.3482606, 4.275, 42.932
1680469847.5486004, 4.275, 42.932
1680469847.7489588, 4.267, 43.47
1680469847.9493196, 4.267, 42.932
1680469848.1496668, 4.267, 42.932
1680469848.3500354, 4.267, 42.394
1680469848.5504022, 4.267, 42.932
1680469848.7507913, 4.271, 42.394
1680469848.9512343, 4.271, 42.932
1680469849.1516323, 4.271, 42.932
1680469849.351979, 4.271, 43.47
1680469849.5523798, 4.271, 42.932
1680469849.7527268, 4.271, 42.932
1680469849.953099, 4.271, 43.47
1680469850.153447, 4.271, 42.932
1680469850.3538542, 4.271, 42.932
1680469850.554199, 4.271, 43.47
1680469850.7545462, 4.26, 43.47
1680469850.9547296, 4.26, 43.47
1680469851.1551018, 4.26, 42.932
1680469851.3554575, 4.26, 43.47
1680469851.5558262, 4.26, 43.47
1680469851.7561605, 4.275, 43.47
1680469851.956531, 4.275, 43.47
1680469852.1568787, 4.275, 42.932
1680469852.3572202, 4.275, 43.47
1680469852.5578084, 4.275, 42.932
1680469852.7582593, 4.275, 42.932
1680469852.9586725, 4.275, 43.47
1680469853.1590075, 4.275, 43.47
1680469853.3595312, 4.275, 42.932
1680469853.559888, 4.275, 43.47
1680469853.7602375, 4.271, 42.932
1680469853.9605978, 4.271, 43.47
1680469854.1610096, 4.271, 42.932
1680469854.3613951, 4.271, 42.932
1680469854.5617454, 4.271, 43.47
1680469854.7621622, 4.279, 42.932
1680469854.962572, 4.279, 42.932
1680469855.1629138, 4.279, 43.47
1680469855.3632493, 4.279, 44.008
1680469855.5635881, 4.279, 42.932
1680469855.763922, 4.275, 42.932
1680469855.964305, 4.275, 43.47
1680469856.1646593, 4.275, 43.47
1680469856.3650076, 4.275, 43.47
1680469856.5654159, 4.275, 43.47
1680469856.7658293, 4.267, 43.47
1680469856.9661744, 4.267, 42.932
1680469857.1665356, 4.267, 43.47
1680469857.3667648, 4.267, 42.932
1680469857.5671074, 4.267, 44.008
1680469857.7676172, 4.26, 43.47
1680469857.968021, 4.26, 44.008
1680469858.1683471, 4.26, 43.47
1680469858.3686998, 4.26, 43.47
1680469858.5690448, 4.26, 43.47
1680469858.7694154, 4.271, 43.47
1680469858.9697945, 4.271, 42.932
1680469859.170139, 4.271, 43.47
1680469859.3704846, 4.271, 42.932
1680469859.5710359, 4.271, 42.932
1680469859.771368, 4.263, 42.932
1680469859.9718766, 4.263, 43.47
1680469860.1722143, 4.263, 43.47
1680469860.3725672, 4.263, 43.47
1680469860.5729396, 4.263, 44.008
1680469860.773424, 4.267, 44.008
1680469860.9737816, 4.267, 43.47
1680469861.1741633, 4.267, 43.47
1680469861.374536, 4.267, 43.47
1680469861.5748487, 4.267, 44.008
1680469861.7751808, 4.263, 43.47
1680469861.9755163, 4.263, 43.47
1680469862.175862, 4.263, 43.47
1680469862.3762095, 4.263, 43.47
1680469862.5765667, 4.263, 44.008
1680469862.7769446, 4.263, 43.47
1680469862.9773078, 4.263, 42.932
1680469863.177684, 4.263, 44.008
1680469863.3780618, 4.263, 42.932
1680469863.5784364, 4.263, 43.47
1680469863.7787468, 4.271, 43.47
1680469863.9790738, 4.271, 44.008
1680469864.1794293, 4.271, 43.47
1680469864.3797796, 4.271, 44.008
1680469864.580148, 4.271, 43.47
1680469864.7804878, 4.279, 42.932
1680469864.980835, 4.279, 43.47
1680469865.181237, 4.279, 42.932
1680469865.381599, 4.279, 43.47
1680469865.5819907, 4.279, 42.932
1680469865.7823572, 4.279, 43.47
1680469865.9827902, 4.279, 44.008
1680469866.1831946, 4.279, 43.47
1680469866.3835433, 4.279, 43.47
1680469866.5840223, 4.279, 43.47
1680469866.7845569, 4.271, 44.008
1680469866.9849072, 4.271, 44.008
1680469867.1852496, 4.271, 44.008
1680469867.385612, 4.271, 43.47
1680469867.5859494, 4.271, 44.008
1680469867.7863066, 4.279, 44.008
1680469867.987197, 4.279, 44.008
1680469868.1875362, 4.279, 44.008
1680469868.3878744, 4.279, 44.008
1680469868.5882368, 4.279, 44.008
1680469868.7886207, 4.263, 44.008
1680469868.989069, 4.263, 44.008
1680469869.1894534, 4.263, 43.47
1680469869.389794, 4.263, 43.47
1680469869.5901444, 4.263, 43.47
1680469869.79052, 4.275, 43.47
1680469869.990762, 4.275, 44.008
1680469870.1911547, 4.275, 44.008
1680469870.3915038, 4.275, 43.47
1680469870.5918672, 4.275, 44.008
1680469870.7924654, 4.286, 44.008
1680469870.9928932, 4.286, 44.008
1680469871.1932507, 4.286, 43.47
1680469871.3936129, 4.286, 44.008
1680469871.593958, 4.286, 44.008
1680469871.7943127, 4.271, 44.008
1680469871.9947276, 4.271, 44.008
1680469872.1950753, 4.271, 43.47
1680469872.3954432, 4.271, 44.008
1680469872.595781, 4.271, 44.008
1680469872.7961354, 4.275, 44.008
1680469872.996571, 4.275, 44.008
1680469873.1969116, 4.275, 44.008
1680469873.397268, 4.275, 44.008
1680469873.597702, 4.275, 44.008
1680469873.7981706, 4.275, 44.546
1680469873.9985223, 4.275, 44.008
1680469874.1989274, 4.275, 44.008
1680469874.3992734, 4.275, 44.008
1680469874.599606, 4.275, 44.008
1680469874.8001754, 4.271, 44.008
1680469875.0004973, 4.271, 44.008
1680469875.2008646, 4.271, 44.546
1680469875.401286, 4.271, 44.008
1680469875.6016505, 4.271, 44.008
1680469875.8022406, 4.283, 44.008
1680469876.0025914, 4.283, 44.008
1680469876.2030668, 4.283, 44.008
1680469876.4034247, 4.283, 44.008
1680469876.6037989, 4.283, 43.47
1680469876.8041525, 4.275, 45.084
1680469877.0045, 4.275, 44.008
1680469877.2048638, 4.275, 44.546
1680469877.4052188, 4.275, 44.546
1680469877.6055713, 4.275, 44.008
1680469877.8059173, 4.275, 44.008
1680469878.0063143, 4.275, 44.546
1680469878.2067487, 4.275, 44.008
1680469878.407077, 4.275, 44.546
1680469878.6074247, 4.275, 44.008
1680469878.8077893, 4.275, 43.47
1680469879.0081522, 4.275, 44.008
1680469879.2085087, 4.275, 44.008
1680469879.4088583, 4.275, 43.47
1680469879.6092339, 4.275, 43.47
1680469879.809628, 4.275, 44.008
1680469880.0100014, 4.275, 44.008
1680469880.2103534, 4.275, 44.008
1680469880.410753, 4.275, 44.008
1680469880.6110933, 4.275, 44.008
1680469880.8114445, 4.267, 44.008
1680469881.011798, 4.267, 44.546
1680469881.212177, 4.267, 44.008
1680469881.4125473, 4.267, 44.008
1680469881.6128871, 4.267, 44.008
1680469881.8132586, 4.271, 44.546
1680469882.0136704, 4.271, 44.008
1680469882.214026, 4.271, 43.47
1680469882.4143624, 4.271, 44.008
1680469882.6148543, 4.271, 44.008
1680469882.8151827, 4.275, 44.008
1680469883.0155466, 4.275, 44.546
1680469883.2159212, 4.275, 44.008
1680469883.4162765, 4.275, 44.546
1680469883.616624, 4.275, 44.008
1680469883.816994, 4.271, 44.546
1680469884.0173748, 4.271, 44.008
1680469884.217759, 4.271, 44.008
1680469884.4181168, 4.271, 44.008
1680469884.6184745, 4.271, 44.008
1680469884.8187432, 4.313, 44.546
1680469885.0191271, 4.313, 44.008
1680469885.2194672, 4.313, 44.008
1680469885.4198103, 4.313, 44.008
1680469885.620149, 4.313, 44.546
1680469885.820594, 4.275, 44.546
1680469886.0210066, 4.275, 44.546
1680469886.221384, 4.275, 44.008
1680469886.4217718, 4.275, 44.008
1680469886.6221685, 4.275, 44.008
1680469886.8225417, 4.263, 44.546
1680469887.0228226, 4.263, 44.008
1680469887.2231774, 4.263, 44.008
1680469887.4235065, 4.263, 44.008
1680469887.6238763, 4.263, 44.546
1680469887.8242202, 4.263, 44.546
1680469888.024645, 4.263, 44.546
1680469888.2249901, 4.263, 44.546
1680469888.425374, 4.263, 44.008
1680469888.6257598, 4.263, 44.546
1680469888.8261526, 4.275, 44.546
1680469889.0265296, 4.275, 44.546
1680469889.2267435, 4.275, 44.546
1680469889.4270852, 4.275, 44.546
1680469889.6275587, 4.275, 44.546
1680469889.8279152, 4.271, 44.008
1680469890.028253, 4.271, 44.008
1680469890.2286096, 4.271, 44.008
1680469890.42897, 4.271, 44.546
1680469890.6293414, 4.271, 44.546
1680469890.8297708, 4.263, 44.546
1680469891.0301344, 4.263, 44.546
1680469891.2305043, 4.263, 44.546
1680469891.4307392, 4.263, 44.546
1680469891.6311033, 4.263, 44.008
1680469891.8316019, 4.263, 44.546
1680469892.0319417, 4.263, 44.546
1680469892.2322814, 4.263, 44.008
1680469892.4327164, 4.263, 44.546
1680469892.6331208, 4.263, 44.546
1680469892.8334625, 4.263, 44.546
1680469893.0338478, 4.263, 44.008
1680469893.2343369, 4.263, 44.546
1680469893.4347577, 4.263, 44.008
1680469893.6351047, 4.263, 44.008
1680469893.8354764, 4.275, 44.008
1680469894.0358615, 4.275, 44.008
1680469894.2362204, 4.275, 44.008
1680469894.4365683, 4.275, 44.008
1680469894.6369524, 4.275, 44.008
1680469894.8373168, 4.275, 44.546
1680469895.0376568, 4.275, 44.008
1680469895.2379844, 4.275, 44.008
1680469895.4383037, 4.275, 44.546
1680469895.6386745, 3.996, 44.008
1680469895.8390071, 3.996, 44.008
1680469896.039355, 3.996, 44.008
1680469896.2396836, 3.996, 44.008
1680469896.4400113, 3.996, 44.546
1680469896.640335, 4.0, 44.008
1680469896.840642, 4.0, 44.008
1680469897.0409641, 4.0, 44.008
1680469897.2413151, 4.0, 44.008
1680469897.4416606, 4.0, 44.008
1680469897.6419847, 4.0, 43.47
1680469897.8424368, 4.0, 44.008
1680469898.0429947, 4.0, 44.008
1680469898.243325, 4.0, 43.47
1680469898.4439356, 4.0, 44.008
1680469898.6442978, 3.962, 44.008
1680469898.844653, 3.962, 44.008
1680469899.045, 3.962, 44.008
1680469899.2453737, 3.962, 43.47
1680469899.445747, 3.962, 44.008
1680469899.6460912, 3.962, 44.008
1680469899.8464699, 4.004, 44.008
1680469900.0468056, 4.004, 43.47
1680469900.247139, 4.004, 44.008
1680469900.4474955, 4.004, 44.008
1680469900.647842, 4.0, 44.008
1680469900.8483558, 4.0, 43.47
1680469901.048689, 4.0, 44.008
1680469901.2490988, 4.0, 44.008
1680469901.4494433, 4.0, 44.008
1680469901.649793, 3.996, 43.47
1680469901.8501341, 3.996, 44.008
1680469902.0504718, 3.996, 44.008
1680469902.250902, 3.996, 44.008
1680469902.4512517, 3.996, 43.47
1680469902.651919, 3.973, 44.008
1680469902.8522642, 3.973, 44.008
1680469903.0526218, 3.973, 44.008
1680469903.2529738, 3.973, 43.47
1680469903.4533484, 3.973, 44.008
1680469903.6539757, 4.004, 44.008
1680469903.854338, 4.004, 43.47
1680469904.054874, 4.004, 44.008
1680469904.2552145, 4.004, 44.008
1680469904.4555683, 4.004, 44.008
1680469904.6559098, 4.008, 43.47
1680469904.8565392, 4.008, 44.008
1680469905.0569434, 4.008, 44.008
1680469905.257283, 4.008, 44.008
1680469905.4576635, 4.008, 44.008
1680469905.6580005, 3.996, 44.008
1680469905.8584385, 3.996, 44.008
1680469906.0588377, 3.996, 44.008
1680469906.2592046, 3.996, 44.008
1680469906.4595537, 3.996, 44.008
1680469906.6599004, 3.996, 44.008
1680469906.860251, 3.996, 43.47
1680469907.0606387, 3.996, 44.008
1680469907.2612278, 3.996, 44.008
1680469907.4615598, 3.996, 44.008
1680469907.661916, 4.015, 44.008
1680469907.8622444, 4.015, 44.008
1680469908.0627532, 4.015, 43.47
1680469908.263241, 4.015, 43.47
1680469908.463573, 4.015, 44.008
1680469908.66391, 4.034, 44.008
1680469908.8642488, 4.034, 42.932
1680469909.0646536, 4.034, 44.546
1680469909.2650003, 4.034, 44.008
1680469909.4655366, 4.034, 44.008
1680469909.6659095, 4.034, 44.008
1680469909.866282, 4.321, 44.008
1680469910.0667653, 4.321, 44.008
1680469910.2670927, 4.321, 44.008
1680469910.4674256, 4.321, 44.008
1680469910.6677618, 4.263, 44.546
1680469910.8681858, 4.263, 44.546
1680469911.0686214, 4.263, 44.546
1680469911.2690434, 4.263, 44.008
1680469911.4694364, 4.263, 44.008
1680469911.6698112, 4.271, 44.546
1680469911.8701572, 4.271, 44.008
1680469912.0705116, 4.271, 44.008
1680469912.2707553, 4.271, 44.546
1680469912.47109, 4.271, 44.546
1680469912.6714816, 4.271, 44.546
1680469912.8718367, 4.263, 44.008
1680469913.0722256, 4.263, 44.546
1680469913.2725542, 4.263, 44.008
1680469913.4729276, 4.263, 44.008
1680469913.6732738, 4.252, 44.008
1680469913.8736537, 4.252, 44.546
1680469914.074012, 4.252, 44.008
1680469914.2744093, 4.252, 44.008
1680469914.4748008, 4.252, 44.008
1680469914.675168, 4.279, 44.546
1680469914.8755405, 4.279, 44.008
1680469915.0758939, 4.279, 44.008
1680469915.2762344, 4.279, 44.546
1680469915.4765797, 4.279, 44.546
1680469915.6769207, 4.263, 45.084
1680469915.8772538, 4.263, 45.084
1680469916.077605, 4.263, 44.546
1680469916.2779837, 4.263, 45.084
1680469916.478501, 4.263, 44.008
1680469916.678787, 4.263, 44.546
1680469916.8791273, 4.263, 44.546
1680469917.0795126, 4.263, 44.546
1680469917.2798605, 4.263, 44.008
1680469917.4802263, 4.263, 45.084
1680469917.6805613, 4.267, 44.546
1680469917.8809056, 4.267, 44.008
1680469918.0812793, 4.267, 44.546
1680469918.2816303, 4.267, 45.084
1680469918.4819849, 4.267, 44.008
1680469918.6823266, 4.263, 44.546
1680469918.88274, 4.263, 44.546
1680469919.0830777, 4.263, 44.008
1680469919.2835753, 4.263, 44.546
1680469919.483943, 4.263, 45.084
1680469919.684289, 4.263, 44.546
1680469919.8846662, 4.263, 44.546
1680469920.085215, 4.263, 44.546
1680469920.2855577, 4.263, 45.084
1680469920.4859416, 4.263, 45.084
1680469920.6863127, 4.275, 44.546
1680469920.886771, 4.275, 44.008
1680469921.087101, 4.275, 44.546
1680469921.2874396, 4.275, 44.546
1680469921.4878707, 4.275, 44.546
1680469921.6881974, 4.26, 44.546
1680469921.8885345, 4.26, 44.546
1680469922.0888941, 4.26, 45.084
1680469922.2892942, 4.26, 44.008
1680469922.4897685, 4.26, 44.546
1680469922.6901462, 4.256, 45.084
1680469922.8904853, 4.256, 45.084
1680469923.0908306, 4.256, 45.084
1680469923.2911572, 4.256, 45.084
1680469923.4915328, 4.256, 44.546
1680469923.691919, 4.267, 44.546
1680469923.892253, 4.267, 45.084
1680469924.0926082, 4.267, 44.008
1680469924.293014, 4.267, 44.008
1680469924.4933944, 4.267, 44.546
1680469924.6937518, 4.26, 44.546
1680469924.8940861, 4.26, 45.084
1680469925.0944378, 4.26, 44.546
1680469925.2948365, 4.26, 45.084
1680469925.495199, 4.26, 45.084
1680469925.6955512, 4.267, 45.084
1680469925.8959427, 4.267, 45.084
1680469926.0962958, 4.267, 44.546
1680469926.296657, 4.267, 45.084
1680469926.4970238, 4.267, 45.084
1680469926.697398, 4.263, 44.546
1680469926.8977919, 4.263, 45.084
1680469927.0981994, 4.263, 45.084
1680469927.298555, 4.263, 44.546
1680469927.4988644, 4.263, 44.546
1680469927.6991982, 4.309, 45.084
1680469927.899584, 4.309, 45.084
1680469928.099957, 4.309, 44.008
1680469928.3003154, 4.309, 45.084
1680469928.5006566, 4.309, 45.084
1680469928.7009876, 4.267, 44.546
1680469928.9013228, 4.267, 45.084
1680469929.1016893, 4.267, 45.084
1680469929.302034, 4.267, 44.008
1680469929.5023642, 4.267, 44.546
1680469929.7028797, 4.267, 45.084
1680469929.9032223, 4.267, 45.084
1680469930.103607, 4.267, 45.084
1680469930.303971, 4.267, 45.084
1680469930.5043252, 4.267, 45.084
1680469930.7046947, 4.267, 45.084
1680469930.9050512, 4.267, 45.084
1680469931.1054173, 4.267, 44.008
1680469931.305767, 4.267, 44.546
1680469931.5061512, 4.267, 44.546
1680469931.7064872, 4.233, 44.546
1680469931.906776, 4.233, 44.546
1680469932.1072707, 4.233, 45.084
1680469932.3076196, 4.233, 45.084
1680469932.5079787, 4.233, 44.008
1680469932.7083228, 4.279, 45.084
1680469932.9087055, 4.279, 45.084
1680469933.109114, 4.279, 44.546
1680469933.3095312, 4.279, 45.084
1680469933.5098999, 4.279, 45.084
1680469933.7102509, 4.263, 45.084
1680469933.9106808, 4.263, 44.008
1680469934.1110237, 4.263, 44.546
1680469934.3113618, 4.263, 45.084
1680469934.5116942, 4.263, 45.084
1680469934.7120633, 4.336, 45.084
1680469934.9123936, 4.336, 44.546
1680469935.112767, 4.336, 45.084
1680469935.3131068, 4.336, 44.008
1680469935.51345, 4.336, 44.546
1680469935.7137983, 4.237, 44.546
1680469935.9141462, 4.237, 44.546
1680469936.1144812, 4.237, 45.084
1680469936.3147557, 4.237, 45.084
1680469936.515104, 4.237, 45.084
1680469936.715474, 4.26, 44.546
1680469936.9157963, 4.26, 45.084
1680469937.1161346, 4.26, 45.084
1680469937.3164828, 4.26, 44.008
1680469937.5168808, 4.26, 45.084
1680469937.717274, 4.271, 45.084
1680469937.9176364, 4.271, 44.546
1680469938.1180403, 4.271, 44.546
1680469938.3183992, 4.271, 45.084
1680469938.518871, 4.271, 45.084
1680469938.7192423, 4.271, 45.084
1680469938.9196236, 4.271, 45.084
1680469939.1199617, 4.271, 45.084
1680469939.3203347, 4.271, 45.084
1680469939.5206723, 4.271, 45.084
1680469939.7210383, 4.267, 44.008
1680469939.9213653, 4.267, 45.084
1680469940.1218438, 4.267, 45.084
1680469940.3222046, 4.267, 44.546
1680469940.522566, 4.267, 45.084
1680469940.7227886, 4.267, 45.084
1680469940.9231575, 4.267, 45.084
1680469941.1235044, 4.267, 44.546
1680469941.3238401, 4.267, 45.084
1680469941.5241923, 4.267, 45.084
1680469941.7245595, 4.267, 45.084
1680469941.9249005, 4.237, 45.084
1680469942.1252327, 4.237, 44.546
1680469942.325645, 4.237, 44.008
1680469942.5261292, 4.237, 44.546
1680469942.7264886, 4.309, 45.084
1680469942.9267547, 4.309, 44.546
1680469943.1270862, 4.309, 45.084
1680469943.3274243, 4.309, 45.084
1680469943.5277724, 4.309, 45.084
1680469943.7281485, 4.267, 45.084
1680469943.9285407, 4.267, 45.084
1680469944.1288965, 4.267, 45.084
1680469944.329326, 4.267, 45.084
1680469944.5296729, 4.267, 45.084
1680469944.730002, 4.279, 45.084
1680469944.9303772, 4.279, 44.008
1680469945.1307776, 4.279, 45.084
1680469945.3311105, 4.279, 44.546
1680469945.5314527, 4.279, 45.084
1680469945.731805, 4.271, 45.084
1680469945.9321446, 4.271, 44.546
1680469946.1325052, 4.271, 45.084
1680469946.3328462, 4.271, 44.546
1680469946.5331972, 4.271, 45.084
1680469946.7335541, 4.271, 45.084
1680469946.9339507, 4.271, 45.084
1680469947.1343005, 4.271, 45.084
1680469947.3347554, 4.271, 45.084
1680469947.535099, 4.271, 45.084
1680469947.7354438, 4.271, 44.546
1680469947.935816, 4.271, 45.084
1680469948.1362238, 4.267, 45.084
1680469948.3365812, 4.267, 45.084
1680469948.5369704, 4.267, 45.084
1680469948.7374935, 4.275, 44.546
1680469948.9378357, 4.275, 45.084
1680469949.1381829, 4.275, 45.084
1680469949.3387911, 4.275, 45.084
1680469949.539117, 4.275, 45.084
1680469949.7395751, 4.283, 45.084
1680469949.9400802, 4.283, 45.084
1680469950.1404262, 4.283, 45.084
1680469950.3407788, 4.283, 44.546
1680469950.5411334, 4.283, 45.084
1680469950.7415004, 4.275, 45.084
1680469950.9418507, 4.275, 45.084
1680469951.1422384, 4.275, 45.084
1680469951.3427572, 4.275, 45.084
1680469951.5431173, 4.275, 45.084
1680469951.7434537, 4.267, 45.084
1680469951.9438066, 4.267, 45.084
1680469952.1441786, 4.267, 45.084
1680469952.3445299, 4.267, 45.084
1680469952.5448594, 4.267, 45.084
1680469952.7452192, 4.256, 45.084
1680469952.9455826, 4.256, 45.084
1680469953.146008, 4.256, 45.084
1680469953.3464005, 4.256, 45.084
1680469953.546791, 4.256, 44.546
1680469953.7472103, 4.267, 45.084
1680469953.9475389, 4.267, 45.084
1680469954.1478791, 4.267, 45.084
1680469954.3482149, 4.267, 45.084
1680469954.548547, 4.267, 45.084
1680469954.7488968, 4.267, 45.084
1680469954.949285, 4.267, 45.084
1680469955.1496642, 4.267, 45.084
1680469955.3500803, 4.267, 45.084
1680469955.550444, 4.267, 45.084
1680469955.7508821, 4.26, 45.084
1680469955.951234, 4.26, 45.084
1680469956.1515756, 4.26, 44.546
1680469956.3519013, 4.26, 45.084
1680469956.5525303, 4.26, 44.546
1680469956.7529159, 4.271, 45.084
1680469956.9532695, 4.271, 44.546
1680469957.1536338, 4.271, 45.084
1680469957.3539953, 4.271, 45.084
1680469957.554387, 4.271, 45.084
1680469957.754765, 4.263, 45.084
1680469957.955112, 4.263, 45.084
1680469958.155473, 4.263, 45.084
1680469958.355809, 4.263, 45.084
1680469958.5561533, 4.263, 45.084
1680469958.756638, 4.267, 45.084
1680469958.956988, 4.267, 44.546
1680469959.157344, 4.267, 45.084
1680469959.357697, 4.267, 45.084
1680469959.5580354, 4.267, 45.084
1680469959.758608, 4.263, 45.084
1680469959.9589486, 4.263, 45.084
1680469960.1592813, 4.263, 45.084
1680469960.3596132, 4.263, 45.084
1680469960.559973, 4.263, 45.084
1680469960.760336, 4.252, 45.084
1680469960.9607255, 4.252, 45.084
1680469961.1611218, 4.252, 44.546
1680469961.3615036, 4.252, 45.084
1680469961.5618544, 4.252, 45.084
1680469961.762205, 4.263, 45.084
1680469961.9625826, 4.263, 45.084
1680469962.1629164, 4.263, 45.084
1680469962.363262, 4.263, 45.084
1680469962.5636292, 4.263, 45.084
1680469962.7639647, 4.263, 45.084
1680469962.9643147, 4.263, 45.084
1680469963.1646576, 4.263, 45.084
1680469963.365028, 4.263, 45.084
1680469963.565359, 4.263, 45.084
1680469963.765777, 4.267, 45.084
1680469963.9661386, 4.267, 45.084
1680469964.166542, 4.267, 45.084
1680469964.3667865, 4.267, 44.546
1680469964.567147, 4.267, 45.084
1680469964.767481, 4.263, 45.084
1680469964.967813, 4.263, 45.084
1680469965.1681614, 4.263, 45.084
1680469965.3685243, 4.263, 45.084
1680469965.5689232, 4.263, 45.084
1680469965.7692745, 4.271, 45.084
1680469965.9696193, 4.271, 45.084
1680469966.169972, 4.271, 45.084
1680469966.3703365, 4.271, 45.084
1680469966.5707636, 4.271, 45.084
1680469966.7711275, 4.267, 45.084
1680469966.971482, 4.267, 45.084
1680469967.1718085, 4.267, 45.084
1680469967.3721416, 4.267, 45.084
1680469967.5724864, 4.267, 45.084
1680469967.772841, 4.275, 45.084
1680469967.9732583, 4.275, 45.084
1680469968.1736126, 4.275, 45.084
1680469968.3739867, 4.275, 45.084
1680469968.5743237, 4.275, 45.084
1680469968.7747798, 4.275, 45.084
1680469968.9751413, 4.263, 44.546
1680469969.1754663, 4.263, 45.084
1680469969.3758457, 4.263, 44.546
1680469969.5761883, 4.263, 45.084
1680469969.7765727, 4.26, 45.084
1680469969.976946, 4.26, 45.084
1680469970.1773703, 4.26, 45.084
1680469970.3777118, 4.26, 45.084
1680469970.5780785, 4.26, 45.084
1680469970.7784224, 4.275, 45.084
1680469970.9789934, 4.275, 45.084
1680469971.1793354, 4.275, 45.084
1680469971.3796804, 4.275, 45.084
1680469971.5800695, 4.275, 45.084
1680469971.7804174, 4.267, 45.084
1680469971.9808052, 4.267, 45.084
1680469972.1811514, 4.267, 45.084
1680469972.381497, 4.267, 45.084
1680469972.5818655, 4.267, 45.084
1680469972.7822433, 4.267, 45.084
1680469972.9825907, 4.267, 45.084
1680469973.1829383, 4.267, 45.084
1680469973.383271, 4.267, 45.084
1680469973.5836878, 4.267, 45.622
1680469973.7840734, 4.267, 45.622
1680469973.9844036, 4.267, 45.084
1680469974.1847744, 4.267, 45.084
1680469974.3851254, 4.267, 45.084
1680469974.585507, 4.267, 45.084
1680469974.7858863, 4.267, 45.084
1680469974.9862432, 4.267, 45.622
1680469975.1866035, 4.267, 45.084
1680469975.3869524, 4.267, 45.084
1680469975.5872855, 4.267, 45.084
1680469975.787659, 4.256, 44.546
1680469975.9879858, 4.256, 45.084
1680469976.1883252, 4.256, 45.622
1680469976.3886862, 4.256, 45.084
1680469976.5890446, 4.256, 45.084
1680469976.7893913, 4.263, 45.084
1680469976.9897993, 4.263, 45.084
1680469977.1901548, 4.263, 45.084
1680469977.3905969, 4.263, 45.084
1680469977.5909376, 4.263, 45.622
1680469977.791196, 4.302, 45.084
1680469977.9915712, 4.302, 45.084
1680469978.1919246, 4.302, 45.084
1680469978.3922887, 4.302, 45.084
1680469978.5926216, 4.302, 45.084
1680469978.792992, 4.26, 45.084
1680469978.993345, 4.26, 45.622
1680469979.1938713, 4.26, 44.546
1680469979.3942556, 4.26, 45.084
1680469979.5948756, 4.26, 45.084
1680469979.7952201, 4.271, 45.084
1680469979.9955869, 4.271, 45.084
1680469980.1959465, 4.271, 45.084
1680469980.3962862, 4.271, 45.084
1680469980.5966322, 4.271, 45.084
1680469980.797331, 4.263, 45.084
1680469980.9978437, 4.263, 45.084
1680469981.1981814, 4.263, 45.084
1680469981.3985443, 4.263, 45.084
1680469981.5987608, 4.263, 45.084
1680469981.7991602, 4.279, 44.546
1680469981.9995077, 4.279, 45.622
1680469982.1998484, 4.279, 45.084
1680469982.4001946, 4.279, 45.084
1680469982.6005623, 4.279, 45.084
1680469982.8009295, 4.271, 45.084
1680469983.0012717, 4.271, 45.084
1680469983.2016068, 4.271, 45.084
1680469983.4019852, 4.271, 45.084
1680469983.602487, 4.271, 45.622
1680469983.8027503, 4.267, 45.084
1680469984.0031047, 4.267, 45.084
1680469984.2035167, 4.267, 45.084
1680469984.4038608, 4.267, 45.622
1680469984.60419, 4.267, 45.084
1680469984.8045707, 4.328, 45.084
1680469985.004972, 4.328, 45.084
1680469985.2056777, 4.328, 45.084
1680469985.4060411, 4.328, 45.084
1680469985.6063952, 4.328, 45.084
1680469985.8067753, 4.271, 45.084
1680469986.0071084, 4.271, 45.084
1680469986.207465, 4.271, 45.622
1680469986.407808, 4.271, 45.084
1680469986.608138, 4.271, 45.622
1680469986.8084722, 4.267, 45.084
1680469987.0089161, 4.267, 45.084
1680469987.2092617, 4.267, 45.084
1680469987.4096103, 4.267, 45.084
1680469987.6101902, 4.267, 45.084
1680469987.8105595, 4.267, 45.084
1680469988.0107512, 4.267, 45.084
1680469988.2110896, 4.267, 45.084
1680469988.411435, 4.267, 45.084
1680469988.6118064, 4.267, 45.622
1680469988.8121507, 4.275, 45.084
1680469989.012561, 4.275, 45.084
1680469989.2129424, 4.275, 45.084
1680469989.4133036, 4.275, 45.084
1680469989.6137404, 4.275, 45.084
1680469989.8141248, 4.267, 45.084
1680469990.0144837, 4.267, 45.084
1680469990.2148201, 4.267, 45.084
1680469990.4151516, 4.267, 45.084
1680469990.6155224, 4.267, 45.084
1680469990.8158681, 4.275, 45.084
1680469991.0162733, 4.275, 45.084
1680469991.2166169, 4.275, 45.084
1680469991.4169598, 4.275, 45.084
1680469991.617546, 4.275, 45.084
1680469991.8179107, 4.271, 45.084
1680469992.0184247, 4.271, 45.084
1680469992.2187424, 4.271, 45.084
1680469992.4190826, 4.271, 45.084
1680469992.6194458, 4.271, 45.084
1680469992.8198066, 4.267, 45.084
1680469993.0206163, 4.267, 44.546
1680469993.2210221, 4.267, 45.084
1680469993.4214177, 4.267, 45.084
1680469993.6217573, 4.267, 45.084
1680469993.8221042, 4.279, 45.084
1680469994.0226097, 4.279, 45.084
1680469994.222962, 4.279, 45.084
1680469994.4232986, 4.279, 45.084
1680469994.6236577, 4.279, 44.546
1680469994.824024, 4.275, 45.084
1680469995.024383, 4.275, 45.084
1680469995.224758, 4.275, 45.084
1680469995.4251153, 4.275, 45.622
1680469995.6254768, 4.275, 45.084
1680469995.8258352, 4.271, 45.084
1680469996.0261858, 4.271, 45.084
1680469996.226539, 4.271, 45.622
1680469996.4267647, 4.271, 45.084
1680469996.6271145, 4.271, 45.084
1680469996.8275065, 4.279, 45.622
1680469997.0278566, 4.279, 45.084
1680469997.228346, 4.279, 45.084
1680469997.4287112, 4.279, 45.084
1680469997.6290696, 4.279, 45.084
1680469997.8294346, 4.279, 45.622
1680469998.0299175, 4.279, 45.084
1680469998.2302792, 4.279, 45.084
1680469998.4307082, 4.279, 45.084
1680469998.6312385, 4.279, 45.084
1680469998.831607, 4.271, 45.084
1680469999.0319543, 4.271, 45.084
1680469999.2323065, 4.271, 45.084
1680469999.432661, 4.271, 45.622
1680469999.633033, 4.279, 45.084
1680469999.8333797, 4.279, 45.084
1680470000.0337694, 4.279, 45.084
1680470000.2341022, 4.279, 45.622
1680470000.4344814, 4.279, 45.084
1680470000.6347528, 4.275, 45.084
1680470000.8351183, 4.275, 45.084
1680470001.0354598, 4.275, 45.084
1680470001.235809, 4.275, 44.546
1680470001.4361393, 4.275, 45.084
1680470001.6366563, 4.275, 45.084
1680470001.8370614, 4.275, 45.084
1680470002.037433, 4.275, 45.084
1680470002.2377744, 4.275, 45.084
1680470002.4383075, 4.275, 45.084
1680470002.6387782, 4.275, 45.084
1680470002.8391163, 4.275, 45.084
1680470003.0394835, 4.275, 45.084
1680470003.2399476, 4.275, 45.084
1680470003.4402835, 4.275, 45.084
1680470003.6406286, 4.275, 45.622
1680470003.8409743, 4.275, 45.622
1680470004.04134, 4.275, 45.084
1680470004.2417443, 4.275, 45.084
1680470004.4420762, 4.275, 45.084
1680470004.642437, 4.275, 45.084
1680470004.8428442, 4.275, 45.084
1680470005.0431814, 4.275, 45.084
1680470005.2436523, 4.275, 45.084
1680470005.444006, 4.275, 45.084
1680470005.6443577, 4.275, 45.084
1680470005.8446965, 4.275, 45.622
1680470006.045039, 4.275, 45.084
1680470006.2455409, 4.275, 45.084
1680470006.445874, 4.275, 45.084
1680470006.646233, 4.321, 45.084
1680470006.8468611, 4.321, 45.084
1680470007.047196, 4.321, 45.084
1680470007.2475557, 4.321, 45.084
1680470007.4479241, 4.321, 45.084
1680470007.6482882, 4.321, 45.084
1680470007.848654, 4.275, 45.622
1680470008.0490513, 4.275, 45.084
1680470008.249425, 4.275, 45.084
1680470008.4497654, 4.275, 45.084
1680470008.6502423, 4.279, 45.084
1680470008.8506942, 4.279, 45.084
1680470009.0510595, 4.279, 45.084
1680470009.2515736, 4.279, 45.084
1680470009.4519026, 4.279, 45.084
1680470009.6522408, 4.267, 45.084
1680470009.8525944, 4.267, 45.084
1680470010.0531895, 4.267, 45.084
1680470010.2535572, 4.267, 45.084
1680470010.4539337, 4.267, 45.084
1680470010.654391, 4.271, 45.084
1680470010.854938, 4.271, 45.084
1680470011.0553086, 4.271, 45.084
1680470011.2558236, 4.271, 45.084
1680470011.4561954, 4.271, 45.622
1680470011.656542, 4.267, 45.084
1680470011.8569257, 4.267, 45.084
1680470012.0575037, 4.267, 45.084
1680470012.258048, 4.267, 45.084
1680470012.4584215, 4.267, 45.622
1680470012.6587412, 4.275, 45.084
1680470012.8590863, 4.275, 45.622
1680470013.0595193, 4.275, 45.084
1680470013.2598646, 4.275, 45.084
1680470013.4602108, 4.275, 45.084
1680470013.6605718, 4.325, 45.084
1680470013.8609364, 4.325, 45.084
1680470014.061292, 4.325, 45.622
1680470014.2616684, 4.325, 45.084
1680470014.462035, 4.325, 45.084
1680470014.6623957, 4.286, 45.084
1680470014.8627431, 4.286, 45.084
1680470015.063124, 4.286, 45.084
1680470015.2634807, 4.286, 45.084
1680470015.463817, 4.286, 45.084
1680470015.6643033, 4.271, 45.084
1680470015.8646455, 4.271, 45.622
1680470016.0651824, 4.271, 45.084
1680470016.265562, 4.271, 45.084
1680470016.4659185, 4.271, 45.622
1680470016.666262, 4.271, 45.084
1680470016.8666017, 4.271, 45.084
1680470017.0669358, 4.271, 45.084
1680470017.267265, 4.271, 45.084
1680470017.4676054, 4.271, 45.084
1680470017.667958, 4.283, 45.084
1680470017.8684099, 4.283, 45.622
1680470018.0687754, 4.283, 45.084
1680470018.269142, 4.283, 45.084
1680470018.46951, 4.283, 45.084
1680470018.6698732, 4.195, 45.084
1680470018.8702307, 4.195, 45.084
1680470019.0705836, 4.195, 45.084
1680470019.2709274, 4.195, 44.546
1680470019.4712644, 4.195, 45.084
1680470019.6716132, 4.267, 45.084
1680470019.8719745, 4.267, 45.084
1680470020.0723152, 4.267, 45.084
1680470020.2732148, 4.267, 45.084
1680470020.4737337, 4.267, 45.084
1680470020.6741064, 4.325, 45.084
1680470020.8744576, 4.325, 45.084
1680470021.074872, 4.325, 45.084
1680470021.275205, 4.325, 45.084
1680470021.475559, 4.325, 45.084
1680470021.6759048, 4.271, 45.084
1680470021.8762891, 4.271, 45.084
1680470022.0766225, 4.271, 45.084
1680470022.2770107, 4.271, 45.084
1680470022.4773874, 4.271, 45.084
1680470022.6777315, 4.275, 45.084
1680470022.8781185, 4.275, 45.084
1680470023.0784771, 4.275, 45.084
1680470023.2788544, 4.275, 45.084
1680470023.4792037, 4.275, 45.622
1680470023.679551, 4.283, 45.622
1680470023.879885, 4.283, 45.622
1680470024.080246, 4.283, 45.084
1680470024.2805836, 4.283, 45.084
1680470024.4809294, 4.283, 45.084
1680470024.6812851, 4.275, 45.622
1680470024.8816311, 4.275, 45.084
1680470025.0820181, 4.275, 45.084
1680470025.2824028, 4.275, 45.084
1680470025.4827812, 4.275, 45.084
1680470025.683132, 4.263, 45.084
1680470025.8834653, 4.263, 45.622
1680470026.0838006, 4.263, 45.084
1680470026.2841494, 4.263, 45.622
1680470026.4844954, 4.263, 45.084
1680470026.6848617, 4.267, 45.084
1680470026.8852184, 4.267, 45.084
1680470027.0856566, 4.267, 45.084
1680470027.286017, 4.267, 45.084
1680470027.4864197, 4.267, 45.084
1680470027.6868641, 4.263, 45.084
1680470027.8872259, 4.263, 45.084
1680470028.0876045, 4.263, 45.084
1680470028.2879405, 4.263, 45.084
1680470028.488291, 4.263, 45.084
1680470028.6886597, 4.271, 46.16
1680470028.8890042, 4.271, 45.084
1680470029.089409, 4.271, 45.084
1680470029.2897766, 4.271, 45.622
1680470029.4901533, 4.271, 45.084
1680470029.6905408, 4.275, 45.084
1680470029.8908355, 4.275, 45.084
1680470030.091189, 4.275, 45.084
1680470030.2915676, 4.275, 45.084
1680470030.4919086, 4.275, 45.622
1680470030.6922548, 4.271, 45.084
1680470030.8925993, 4.271, 45.084
1680470031.0929515, 4.271, 45.084
1680470031.2933524, 4.271, 45.084
1680470031.493715, 4.271, 45.084
1680470031.6941044, 4.271, 45.084
1680470031.8944895, 4.271, 45.084
1680470032.0948176, 4.271, 45.084
1680470032.2951508, 4.271, 44.546
1680470032.4954937, 4.271, 45.084
1680470032.6958447, 4.279, 45.084
1680470032.896204, 4.279, 45.084
1680470033.0965605, 4.279, 45.084
1680470033.2969203, 4.279, 45.084
1680470033.4973488, 4.279, 45.622
1680470033.6977084, 4.275, 45.084
1680470033.8981, 4.275, 45.084
1680470034.0984476, 4.275, 45.084
1680470034.298753, 4.275, 45.084
1680470034.4991176, 4.275, 45.084
1680470034.6994786, 4.275, 45.084
1680470034.8999043, 4.275, 45.622
1680470035.1002555, 4.275, 45.084
1680470035.300615, 4.275, 45.084
1680470035.5009575, 4.275, 45.084
1680470035.7013063, 4.271, 45.084
1680470035.9016995, 4.271, 45.084
1680470036.1020887, 4.271, 45.622
1680470036.3024912, 4.271, 45.084
1680470036.5028894, 4.271, 45.622
1680470036.7032492, 4.267, 45.084
1680470036.9035938, 4.267, 45.084
1680470037.1039305, 4.267, 45.084
1680470037.3042817, 4.267, 45.084
1680470037.5046463, 4.267, 45.084
1680470037.7050161, 4.275, 45.084
1680470037.9053683, 4.275, 45.084
1680470038.1057346, 4.275, 45.622
1680470038.3060942, 4.275, 45.622
1680470038.5064468, 4.275, 45.622
1680470038.7067575, 4.279, 45.084
1680470038.9071019, 4.279, 45.084
1680470039.1074448, 4.279, 45.084
1680470039.3077817, 4.279, 45.084
1680470039.5081418, 4.279, 45.084
1680470039.708485, 4.267, 45.084
1680470039.9088573, 4.267, 45.622
1680470040.1092665, 4.267, 45.084
1680470040.3096106, 4.267, 45.622
1680470040.5100403, 4.267, 45.622
1680470040.7103903, 4.267, 45.622
1680470040.9107792, 4.279, 45.084
1680470041.1111104, 4.279, 45.084
1680470041.3114598, 4.279, 45.084
1680470041.5118012, 4.279, 45.084
1680470041.712165, 4.271, 45.084
1680470041.9125125, 4.271, 45.084
1680470042.1128585, 4.271, 45.622
1680470042.3132222, 4.271, 45.622
1680470042.5135527, 4.271, 45.084
1680470042.7139068, 4.263, 45.084
1680470042.9142687, 4.263, 45.084
1680470043.1146896, 4.263, 45.084
1680470043.315031, 4.263, 45.084
1680470043.5153608, 4.263, 45.084
1680470043.7157395, 4.283, 45.622
1680470043.9160914, 4.283, 45.622
1680470044.1164331, 4.283, 45.084
1680470044.3167934, 4.283, 45.084
1680470044.517171, 4.283, 45.084
1680470044.7175422, 4.275, 45.084
1680470044.917923, 4.275, 45.084
1680470045.118336, 4.275, 45.084
1680470045.3187323, 4.275, 45.084
1680470045.5190692, 4.275, 45.622
1680470045.7193985, 4.271, 45.084
1680470045.9197423, 4.271, 45.084
1680470046.120072, 4.271, 45.084
1680470046.320441, 4.271, 45.084
1680470046.5207949, 4.271, 45.084
1680470046.7211776, 4.275, 45.084
1680470046.9215121, 4.275, 45.622
1680470047.121907, 4.275, 45.084
1680470047.3222592, 4.275, 45.084
1680470047.5227005, 4.275, 45.084
1680470047.7231534, 4.271, 45.084
1680470047.9234853, 4.271, 45.084
1680470048.1238523, 4.271, 45.622
1680470048.324223, 4.271, 45.084
1680470048.5245876, 4.271, 45.084
1680470048.7249928, 4.271, 45.084
1680470048.9253583, 4.271, 45.622
1680470049.1256995, 4.271, 45.084
1680470049.32604, 4.271, 45.084
1680470049.526383, 4.271, 45.084
1680470049.7269003, 4.267, 45.084
1680470049.9272287, 4.267, 45.084
1680470050.127567, 4.267, 45.084
1680470050.3282266, 4.267, 45.084
1680470050.5286267, 4.267, 45.084
1680470050.7289743, 4.26, 45.084
1680470050.9294252, 4.26, 45.084
1680470051.1297636, 4.26, 45.084
1680470051.33014, 4.26, 45.084
1680470051.5304844, 4.26, 45.084
1680470051.7307353, 4.263, 45.084
1680470051.9313257, 4.263, 45.084
1680470052.1316767, 4.263, 45.084
1680470052.3320181, 4.263, 45.084
1680470052.5323682, 4.263, 45.084
1680470052.7327058, 4.271, 45.084
1680470052.9330566, 4.271, 45.622
1680470053.133399, 4.271, 45.084
1680470053.3337786, 4.271, 45.084
1680470053.5341773, 4.271, 45.084
1680470053.7345657, 4.271, 45.622
1680470053.9348178, 4.271, 45.084
1680470054.135169, 4.271, 45.084
1680470054.3355021, 4.271, 45.622
1680470054.535902, 4.271, 45.084
1680470054.736284, 4.271, 45.084
1680470054.936634, 4.271, 45.622
1680470055.136988, 4.271, 45.084
1680470055.3373506, 4.271, 45.084
1680470055.537697, 4.271, 45.622
1680470055.7380633, 4.279, 45.084
1680470055.9384248, 4.279, 45.084
1680470056.1388931, 4.279, 45.622
1680470056.3392563, 4.279, 45.084
1680470056.5396044, 4.279, 45.084
1680470056.7399592, 4.271, 45.622
1680470056.9403152, 4.271, 45.084
1680470057.1406765, 4.271, 45.084
1680470057.34101, 4.271, 45.084
1680470057.541371, 4.271, 45.084
1680470057.741742, 4.271, 45.084
1680470057.942078, 4.271, 45.622
1680470058.1424375, 4.271, 45.084
1680470058.3427837, 4.271, 45.622
1680470058.5431318, 4.271, 45.084
1680470058.743485, 4.271, 45.622
1680470058.943833, 4.275, 46.16
1680470059.1441846, 4.275, 45.084
1680470059.3446248, 4.275, 45.084
1680470059.5451305, 4.275, 45.084
1680470059.7454877, 4.271, 45.084
1680470059.9458594, 4.271, 45.084
1680470060.146211, 4.271, 45.084
1680470060.3465788, 4.271, 45.084
1680470060.5470643, 4.271, 45.084
1680470060.747409, 4.275, 45.622
1680470060.9477506, 4.275, 45.084
1680470061.1481035, 4.275, 45.084
1680470061.3484373, 4.275, 45.084
1680470061.5487769, 4.275, 45.622
1680470061.7491264, 4.275, 45.084
1680470061.9494698, 4.275, 45.084
1680470062.149813, 4.275, 45.084
1680470062.3501523, 4.275, 45.084
1680470062.550493, 4.275, 45.622
1680470062.7507946, 4.267, 45.084
1680470062.9511425, 4.267, 45.084
1680470063.1515596, 4.267, 45.084
1680470063.3518915, 4.267, 45.084
1680470063.5522263, 4.267, 45.084
1680470063.7525887, 4.317, 45.622
1680470063.952942, 4.317, 45.084
1680470064.1532888, 4.317, 45.622
1680470064.3536918, 4.317, 45.084
1680470064.5540574, 4.317, 45.084
1680470064.7543967, 4.275, 45.084
1680470064.9547448, 4.275, 45.084
1680470065.1551888, 4.275, 45.622
1680470065.3555543, 4.275, 45.084
1680470065.5558872, 4.275, 45.084
1680470065.756358, 3.977, 45.084
1680470065.9566996, 3.977, 45.084
1680470066.157029, 3.977, 45.084
1680470066.357415, 3.977, 45.084
1680470066.5577607, 3.977, 45.084
1680470066.7582524, 4.008, 45.084
1680470066.95875, 4.008, 45.084
1680470067.1591024, 4.008, 45.084
1680470067.3594244, 4.008, 45.084
1680470067.5597746, 4.008, 44.546
1680470067.7601144, 3.95, 45.084
1680470067.9605014, 3.95, 45.084
1680470068.160855, 3.95, 45.084
1680470068.3612502, 3.95, 45.084
1680470068.5616062, 3.95, 45.084
1680470068.7619512, 3.992, 45.084
1680470068.9623427, 3.992, 45.084
1680470069.162818, 3.992, 45.084
1680470069.3631575, 3.992, 45.084
1680470069.5635362, 3.992, 45.084
1680470069.7638912, 4.004, 44.546
1680470069.9642482, 4.004, 45.084
1680470070.1645856, 4.004, 45.084
1680470070.3649306, 4.004, 45.084
1680470070.5652964, 4.004, 45.084
1680470070.7656326, 4.042, 45.084
1680470070.9659698, 4.042, 44.008
1680470071.166325, 4.042, 45.084
1680470071.366817, 4.042, 45.084
1680470071.5671709, 4.042, 45.084
1680470071.767638, 3.985, 45.084
1680470071.9679925, 3.985, 44.546
1680470072.1683533, 3.985, 45.084
1680470072.3686926, 3.985, 45.084
1680470072.5690556, 3.985, 45.084
1680470072.769425, 3.985, 44.008
1680470072.9698057, 3.985, 44.546
1680470073.1704333, 3.985, 45.084
1680470073.3708513, 3.985, 44.008
1680470073.5711882, 3.985, 44.546
1680470073.7716663, 3.985, 45.084
1680470073.9720294, 3.992, 44.546
1680470074.1723564, 3.992, 44.546
1680470074.3727052, 3.992, 44.546
1680470074.5730865, 3.992, 44.546
1680470074.7734466, 4.015, 44.546
1680470074.9738529, 4.015, 45.084
1680470075.1742547, 4.015, 45.084
1680470075.374674, 4.015, 44.546
1680470075.5750237, 4.015, 44.008
1680470075.7753768, 4.256, 45.084
1680470075.9757595, 4.256, 45.084
1680470076.1761312, 4.256, 45.084
1680470076.376489, 4.256, 45.622
1680470076.5771785, 4.256, 45.084
1680470076.7775438, 4.263, 45.084
1680470076.9779193, 4.263, 45.084
1680470077.1784365, 4.263, 45.084
1680470077.3787608, 4.263, 45.084
1680470077.5791216, 4.263, 45.084
1680470077.7794657, 4.26, 45.084
1680470077.9797943, 4.26, 44.546
1680470078.1801314, 4.26, 45.084
1680470078.3804507, 4.26, 45.084
1680470078.5807855, 4.26, 45.084
1680470078.7811282, 4.26, 45.622
1680470078.9818575, 4.26, 45.084
1680470079.1821997, 4.26, 44.546
1680470079.3825855, 4.26, 45.084
1680470079.5829277, 4.26, 45.084
1680470079.7833147, 4.256, 45.084
1680470079.9836845, 4.256, 45.084
1680470080.1841922, 4.256, 45.084
1680470080.3845313, 4.256, 45.084
1680470080.584904, 4.256, 45.084
1680470080.785287, 4.26, 45.084
1680470080.9856482, 4.26, 45.084
1680470081.1862097, 4.26, 45.084
1680470081.3866003, 4.26, 45.084
1680470081.5869355, 4.26, 45.622
1680470081.787252, 4.267, 45.084
1680470081.9875855, 4.267, 45.084
1680470082.187925, 4.267, 45.084
1680470082.3882942, 4.267, 45.084
1680470082.588653, 4.267, 45.084
1680470082.7891064, 4.271, 45.084
1680470082.9896553, 4.271, 45.084
1680470083.1900134, 4.271, 45.084
1680470083.3907502, 4.271, 45.084
1680470083.5910826, 4.271, 45.084
1680470083.7914433, 4.244, 45.084
1680470083.9918592, 4.244, 45.084
1680470084.1921992, 4.244, 45.084
1680470084.3925533, 4.244, 45.084
1680470084.5929122, 4.244, 45.084
1680470084.7932673, 4.263, 45.622
1680470084.9936266, 4.263, 45.084
1680470085.1939888, 4.263, 45.084
1680470085.3943608, 4.263, 45.084
1680470085.5947483, 4.263, 45.084
1680470085.795116, 4.263, 45.622
1680470085.9954612, 4.263, 45.084
1680470086.1958094, 4.263, 45.622
1680470086.3962598, 4.263, 45.084
1680470086.5966978, 4.263, 45.084
1680470086.7970345, 4.263, 45.084
1680470086.9974003, 4.263, 45.084
1680470087.1977549, 4.263, 45.084
1680470087.3981082, 4.263, 45.084
1680470087.5984857, 4.263, 45.084
1680470087.798782, 4.267, 45.084
1680470087.9991589, 4.267, 45.084
1680470088.1994984, 4.267, 45.622
1680470088.3998232, 4.267, 45.084
1680470088.6002338, 4.267, 45.084
1680470088.8005881, 4.263, 45.084
1680470089.0009263, 4.263, 45.084
1680470089.2012944, 4.263, 45.084
1680470089.4016361, 4.263, 45.084
1680470089.601973, 4.263, 45.084
1680470089.8023565, 4.26, 45.084
1680470090.0027401, 4.26, 45.084
1680470090.2031462, 4.26, 45.084
1680470090.4034941, 4.26, 45.084
1680470090.6038783, 4.26, 45.084
1680470090.804235, 4.263, 45.084
1680470091.0045927, 4.263, 45.084
1680470091.2049522, 4.263, 45.084
1680470091.405329, 4.263, 45.084
1680470091.6056654, 4.263, 45.084
1680470091.8060076, 4.271, 45.084
1680470092.0063457, 4.271, 45.084
1680470092.2067938, 4.271, 45.084
1680470092.4071393, 4.271, 45.084
1680470092.6074874, 4.271, 45.084
1680470092.807839, 4.263, 45.084
1680470093.008181, 4.263, 45.084
1680470093.2085676, 4.263, 45.084
1680470093.4089022, 4.263, 45.084
1680470093.6092532, 4.263, 45.084
1680470093.8096495, 4.271, 45.084
1680470094.0099876, 4.271, 45.622
1680470094.2103765, 4.271, 45.084
1680470094.4107692, 4.271, 45.622
1680470094.6111248, 4.271, 45.084
1680470094.8114579, 4.271, 45.084
1680470095.0117865, 4.263, 45.084
1680470095.2121446, 4.263, 45.084
1680470095.4125109, 4.263, 45.084
1680470095.613142, 4.263, 45.084
1680470095.8134923, 4.256, 45.084
1680470096.0139928, 4.256, 45.622
1680470096.2143595, 4.256, 45.084
1680470096.4149697, 4.256, 45.622
1680470096.6152973, 4.256, 45.084
1680470096.8156455, 4.26, 45.622
1680470097.0159833, 4.26, 45.084
1680470097.216372, 4.26, 45.084
1680470097.4167473, 4.26, 45.084
1680470097.6170912, 4.26, 45.084
1680470097.8174434, 4.26, 45.084
1680470098.0177948, 4.26, 45.084
1680470098.2181497, 4.26, 45.084
1680470098.418481, 4.26, 45.084
1680470098.618795, 4.26, 45.084
1680470098.819125, 4.263, 45.622
1680470099.019458, 4.263, 45.084
1680470099.2198005, 4.263, 45.084
1680470099.42014, 4.263, 45.084
1680470099.6204813, 4.263, 45.084
1680470099.820849, 4.279, 45.084
1680470100.021211, 4.279, 45.084
1680470100.2215807, 4.279, 45.084
1680470100.4219472, 4.279, 45.622
1680470100.6222997, 4.279, 45.084
1680470100.8227522, 4.267, 45.084
1680470101.023085, 4.267, 45.622
1680470101.2238061, 4.267, 45.084
1680470101.4241447, 4.267, 45.622
1680470101.6245127, 4.267, 45.084
1680470101.824896, 4.26, 45.084
1680470102.0252926, 4.26, 45.622
1680470102.2256744, 4.26, 45.084
1680470102.4260201, 4.26, 45.622
1680470102.6263914, 4.26, 45.084
1680470102.826806, 4.263, 45.622
1680470103.0271664, 4.263, 45.622
1680470103.2275193, 4.263, 45.622
1680470103.4278424, 4.263, 45.084
1680470103.6283975, 4.263, 45.084
1680470103.8287277, 4.229, 45.084
1680470104.0291011, 4.229, 45.622
1680470104.2294428, 4.229, 45.084
1680470104.4301465, 4.229, 45.622
1680470104.6305292, 4.229, 45.084
1680470104.8309646, 4.225, 45.084
1680470105.0312967, 4.225, 45.084
1680470105.2316346, 4.225, 45.622
1680470105.4319975, 4.225, 45.622
1680470105.6325028, 4.263, 45.084
1680470105.8328598, 4.263, 45.084
1680470106.0334055, 4.263, 45.622
1680470106.2338023, 4.263, 45.084
1680470106.4341583, 4.263, 45.622
1680470106.6345274, 4.26, 45.084
1680470106.834783, 4.26, 45.084
1680470107.035125, 4.26, 45.084
1680470107.2354877, 4.26, 45.622
1680470107.4358273, 4.26, 45.622
1680470107.6363382, 4.271, 45.084
1680470107.836674, 4.271, 45.084
1680470108.0370307, 4.271, 45.622
1680470108.2374032, 4.271, 45.622
1680470108.437803, 4.271, 45.622
1680470108.6381502, 4.271, 45.084
1680470108.8384964, 4.275, 45.084
1680470109.0390408, 4.275, 45.084
1680470109.239405, 4.275, 45.084
1680470109.4397545, 4.275, 45.622
1680470109.6401095, 4.26, 45.084
1680470109.8404474, 4.26, 45.084
1680470110.0408256, 4.26, 45.084
1680470110.2411768, 4.26, 45.622
1680470110.4415455, 4.26, 45.084
1680470110.6418905, 4.267, 45.084
1680470110.8422425, 4.267, 45.084
1680470111.0425935, 4.267, 45.084
1680470111.2429726, 4.267, 45.084
1680470111.4433048, 4.267, 45.084
1680470111.6436698, 4.271, 45.084
1680470111.8440433, 4.271, 46.16
1680470112.0443845, 4.271, 45.622
1680470112.2447221, 4.271, 45.084
1680470112.4450758, 4.271, 45.084
1680470112.6454368, 4.267, 45.084
1680470112.8457983, 4.267, 45.084
1680470113.046179, 4.267, 45.084
1680470113.2465599, 4.267, 45.084
1680470113.4468431, 4.267, 45.084
1680470113.6471915, 4.317, 45.622
1680470113.8475592, 4.317, 45.622
1680470114.047921, 4.317, 45.622
1680470114.2482755, 4.317, 45.084
1680470114.4487975, 4.317, 45.622
1680470114.6491146, 4.275, 44.546
1680470114.8495526, 4.275, 45.084
1680470115.0499005, 4.275, 45.084
1680470115.250336, 4.275, 45.084
1680470115.4508271, 4.275, 45.084
1680470115.6511812, 4.267, 45.084
1680470115.8515358, 4.267, 45.084
1680470116.0518813, 4.267, 45.084
1680470116.2522233, 4.267, 45.622
1680470116.4525824, 4.267, 45.084
1680470116.652941, 4.267, 45.622
1680470116.8532774, 4.267, 45.084
1680470117.053643, 4.267, 45.084
1680470117.2539837, 4.267, 45.084
1680470117.454337, 4.267, 45.084
1680470117.6547341, 4.271, 45.084
1680470117.855091, 4.271, 45.622
1680470118.0554347, 4.271, 45.622
1680470118.2557657, 4.271, 45.084
1680470118.4561179, 4.271, 45.084
1680470118.6564603, 4.271, 45.084
1680470118.8568263, 4.271, 45.084
1680470119.0571666, 4.271, 45.084
1680470119.2575305, 4.271, 45.084
1680470119.457874, 4.271, 45.084
1680470119.6582716, 4.263, 45.084
1680470119.8586998, 4.263, 45.084
1680470120.0590372, 4.263, 45.622
1680470120.2593904, 4.263, 45.084
1680470120.4597473, 4.263, 45.084
1680470120.6601946, 4.275, 45.084
1680470120.8605433, 4.275, 45.084
1680470121.0609224, 4.275, 45.622
1680470121.2612698, 4.275, 45.084
1680470121.4616237, 4.275, 45.622
1680470121.6619892, 4.267, 45.084
1680470121.8623388, 4.267, 45.084
1680470122.0628085, 4.267, 45.084
1680470122.2631698, 4.267, 46.16
1680470122.4635105, 4.267, 45.084
1680470122.6638956, 4.267, 45.622
1680470122.86423, 4.267, 45.084
1680470123.0646358, 4.267, 45.622
1680470123.2649662, 4.267, 45.622
1680470123.4653115, 4.267, 45.084
1680470123.665659, 4.267, 45.084
1680470123.8660202, 4.267, 45.084
1680470124.0663722, 4.267, 45.084
1680470124.2667542, 4.275, 45.622
1680470124.4670932, 4.275, 45.084
1680470124.667464, 4.267, 45.084
1680470124.8678513, 4.267, 45.084
1680470125.068243, 4.267, 45.084
1680470125.2685683, 4.267, 45.084
1680470125.4690716, 4.267, 45.622
1680470125.6694129, 4.275, 45.084
1680470125.8697667, 4.275, 45.084
1680470126.0701225, 4.275, 45.084
1680470126.27048, 4.275, 45.084
1680470126.4709146, 4.275, 45.084
1680470126.671438, 4.279, 45.622
1680470126.8717737, 4.279, 45.084
1680470127.0721154, 4.279, 45.622
1680470127.2724538, 4.279, 45.622
1680470127.4727998, 4.279, 45.084
1680470127.6731815, 4.271, 45.084
1680470127.8735416, 4.271, 45.084
1680470128.0739343, 4.271, 45.622
1680470128.274312, 4.271, 45.084
1680470128.4746983, 4.271, 45.084
1680470128.6750455, 4.267, 45.084
1680470128.8754156, 4.267, 45.622
1680470129.0758045, 4.267, 45.084
1680470129.2761295, 4.267, 45.084
1680470129.4767008, 4.267, 45.084
1680470129.6771126, 4.279, 45.084
1680470129.8774574, 4.279, 45.084
1680470130.0778353, 4.279, 45.084
1680470130.2782016, 4.279, 45.622
1680470130.4786043, 4.279, 45.622
1680470130.6789472, 4.26, 45.622
1680470130.8792808, 4.26, 45.084
1680470131.0796235, 4.26, 45.622
1680470131.2799997, 4.26, 45.084
1680470131.4803522, 4.26, 45.084
1680470131.6807153, 4.26, 45.622
1680470131.8810556, 4.26, 45.622
1680470132.0814261, 4.26, 45.622
1680470132.281803, 4.26, 45.084
1680470132.4823682, 4.26, 45.622
1680470132.6827948, 4.275, 45.084
1680470132.8831303, 4.275, 45.084
1680470133.083454, 4.275, 45.084
1680470133.2838025, 4.275, 46.16
1680470133.484184, 4.275, 45.084
1680470133.6845286, 4.267, 45.084
1680470133.8849227, 4.267, 45.084
1680470134.085309, 4.267, 45.084
1680470134.285668, 4.267, 45.622
1680470134.4860137, 4.267, 45.084
1680470134.6863897, 4.279, 45.084
1680470134.8867526, 4.279, 45.084
1680470135.0871038, 4.279, 45.084
1680470135.2874475, 4.279, 45.084
1680470135.4878345, 4.279, 45.622
1680470135.6881623, 4.279, 45.084
1680470135.8885524, 4.279, 45.084
1680470136.0888832, 4.279, 46.16
1680470136.2893944, 4.279, 45.622
1680470136.4897473, 4.279, 45.084
1680470136.6900868, 4.275, 45.622
1680470136.8904803, 4.275, 45.084
1680470137.0907943, 4.275, 45.622
1680470137.291167, 4.275, 45.084
1680470137.491499, 4.275, 45.622
1680470137.691891, 4.275, 45.622
1680470137.8922465, 4.275, 45.084
1680470138.0925817, 4.275, 45.084
1680470138.2929409, 4.275, 45.084
1680470138.493346, 4.275, 45.084
1680470138.6936965, 4.271, 46.16
1680470138.894085, 4.271, 45.084
1680470139.094437, 4.271, 45.622
1680470139.2950017, 4.271, 45.084
1680470139.495356, 4.271, 45.084
1680470139.6956933, 4.267, 45.084
1680470139.8960383, 4.267, 45.084
1680470140.0963907, 4.267, 45.622
1680470140.2967346, 4.267, 45.084
1680470140.4972289, 4.267, 45.084
1680470140.6975958, 4.279, 45.622
1680470140.8979309, 4.279, 45.084
1680470141.0982885, 4.279, 45.084
1680470141.2987022, 4.279, 45.084
1680470141.4990325, 4.279, 45.084
1680470141.6994045, 4.275, 45.084
1680470141.8997977, 4.275, 45.622
1680470142.1001346, 4.275, 45.084
1680470142.3005037, 4.275, 45.084
1680470142.5008867, 4.275, 45.084
1680470142.7012389, 4.263, 45.622
1680470142.901778, 4.263, 45.084
1680470143.1021314, 4.263, 45.084
1680470143.3024755, 4.263, 45.084
1680470143.5027494, 4.263, 45.084
1680470143.7031004, 4.283, 45.622
1680470143.903459, 4.283, 45.622
1680470144.1037886, 4.283, 45.084
1680470144.3041444, 4.283, 45.084
1680470144.5045226, 4.283, 45.622
1680470144.7048624, 4.267, 45.084
1680470144.905227, 4.267, 45.084
1680470145.1055763, 4.267, 45.084
1680470145.3059862, 4.267, 45.084
1680470145.506382, 4.267, 45.084
1680470145.7067413, 4.267, 45.622
1680470145.9072173, 4.267, 45.622
1680470146.1075606, 4.267, 45.622
1680470146.3079863, 4.267, 45.084
1680470146.5083177, 4.267, 45.084
1680470146.7086651, 4.267, 45.084
1680470146.9090085, 4.275, 45.084
1680470147.1093678, 4.275, 45.622
1680470147.3097124, 4.275, 45.084
1680470147.5100539, 4.275, 45.084
1680470147.7104323, 4.271, 45.084
1680470147.910794, 4.271, 45.084
1680470148.1112256, 4.271, 45.622
1680470148.3115625, 4.271, 45.084
1680470148.5119007, 4.271, 45.084
1680470148.7122245, 4.267, 45.084
1680470148.9126213, 4.267, 45.622
1680470149.1130216, 4.267, 45.084
1680470149.3133564, 4.267, 45.084
1680470149.5137265, 4.267, 45.084
1680470149.7140987, 4.275, 45.622
1680470149.9144773, 4.275, 45.084
1680470150.1148112, 4.275, 45.084
1680470150.315136, 4.275, 45.084
1680470150.515506, 4.275, 45.084
1680470150.7159076, 4.267, 45.084
1680470150.9162567, 4.267, 45.084
1680470151.1165898, 4.267, 45.622
1680470151.31693, 4.267, 45.084
1680470151.5172753, 4.267, 45.084
1680470151.717622, 4.279, 45.622
1680470151.9179983, 4.279, 45.622
1680470152.1183426, 4.279, 45.084
1680470152.3187938, 4.279, 45.084
1680470152.5191343, 4.279, 45.084
1680470152.7194622, 4.275, 45.084
1680470152.9198284, 4.275, 45.084
1680470153.1201904, 4.275, 45.084
1680470153.320536, 4.275, 45.084
1680470153.5208855, 4.275, 46.16
1680470153.7215288, 4.275, 45.622
1680470153.921878, 4.275, 45.084
1680470154.1222265, 4.275, 45.622
1680470154.3226576, 4.275, 45.622
1680470154.5230014, 4.275, 45.084
1680470154.72336, 4.271, 45.084
1680470154.9236948, 4.271, 45.084
1680470155.1240156, 4.271, 45.084
1680470155.3243442, 4.271, 45.622
1680470155.5247455, 4.271, 45.084
1680470155.725071, 4.271, 45.084
1680470155.925414, 4.271, 45.084
1680470156.125773, 4.271, 45.622
1680470156.32615, 4.271, 45.084
1680470156.5265813, 4.271, 45.622
1680470156.7269628, 4.313, 45.084
1680470156.9272985, 4.313, 45.622
1680470157.127629, 4.313, 45.622
1680470157.3279812, 4.313, 45.084
1680470157.5283225, 4.313, 45.084
1680470157.7286744, 4.267, 45.084
1680470157.929037, 4.267, 45.084
1680470158.1293972, 4.267, 45.084
1680470158.329741, 4.267, 45.084
1680470158.530093, 4.267, 45.084
1680470158.730437, 4.271, 45.622
1680470158.930784, 4.271, 45.084
1680470159.1311424, 4.271, 45.084
1680470159.331491, 4.271, 45.084
1680470159.5318303, 4.271, 45.084
1680470159.732194, 4.271, 45.622
1680470159.9325316, 4.271, 45.084
1680470160.1328864, 4.271, 45.084
1680470160.3332443, 4.271, 45.084
1680470160.5336015, 4.271, 45.084
1680470160.7339945, 4.279, 46.16
1680470160.9343445, 4.279, 45.084
1680470161.134778, 4.279, 45.084
1680470161.3351336, 4.279, 45.622
1680470161.5354936, 4.279, 45.622
1680470161.735844, 4.275, 45.084
1680470161.936207, 4.275, 45.622
1680470162.1365724, 4.275, 45.622
1680470162.3369305, 4.275, 45.084
1680470162.5372808, 4.275, 45.084
1680470162.7376244, 4.263, 45.084
1680470162.9379804, 4.263, 45.084
1680470163.138328, 4.263, 45.084
1680470163.338741, 4.263, 45.084
1680470163.5390813, 4.263, 45.084
1680470163.7394123, 4.267, 45.622
1680470163.9397624, 4.267, 45.084
1680470164.14013, 4.267, 45.622
1680470164.340767, 4.267, 45.084
1680470164.5412712, 4.267, 45.084
1680470164.7416675, 4.26, 45.622
1680470164.9420266, 4.26, 45.084
1680470165.1423905, 4.26, 45.084
1680470165.342992, 4.26, 45.622
1680470165.5433323, 4.26, 45.622
1680470165.7436824, 4.263, 45.084
1680470165.9440606, 4.263, 45.622
1680470166.144414, 4.263, 45.084
1680470166.3447769, 4.263, 44.546
1680470166.5453167, 4.263, 45.084
1680470166.745656, 4.263, 45.084
1680470166.9460235, 4.263, 45.622
1680470167.1463761, 4.263, 45.084
1680470167.3468103, 4.263, 45.084
1680470167.5471663, 4.263, 45.084
1680470167.7474828, 4.267, 45.084
1680470167.9478247, 4.267, 45.622
1680470168.1481636, 4.267, 45.084
1680470168.3485627, 4.267, 45.084
1680470168.5489097, 4.267, 46.16
1680470168.7492468, 4.263, 45.084
1680470168.9495888, 4.263, 45.622
1680470169.1499534, 4.263, 45.084
1680470169.3503816, 4.263, 45.622
1680470169.5508053, 4.263, 45.622
1680470169.7511652, 4.267, 45.084
1680470169.9515111, 4.267, 45.622
1680470170.151846, 4.267, 45.084
1680470170.3521833, 4.267, 45.084
1680470170.552526, 4.267, 45.084
1680470170.7528548, 4.298, 45.084
1680470170.9531984, 4.298, 45.084
1680470171.1535661, 4.298, 45.622
1680470171.353907, 4.298, 45.084
1680470171.5543036, 4.298, 45.084
1680470171.7549012, 4.267, 45.084
1680470171.9552402, 4.267, 45.622
1680470172.1555648, 4.267, 45.622
1680470172.355902, 4.267, 45.622
1680470172.5562565, 4.267, 45.084
1680470172.7566156, 4.275, 45.622
1680470172.9569604, 4.275, 45.084
1680470173.157319, 4.275, 45.622
1680470173.357692, 4.275, 45.084
1680470173.5580554, 4.275, 45.622
1680470173.7584689, 4.267, 45.622
1680470173.9588275, 4.267, 45.084
1680470174.1591585, 4.267, 45.084
1680470174.3595068, 4.267, 45.622
1680470174.559844, 4.267, 46.16
1680470174.760184, 4.271, 45.084
1680470174.9605227, 4.271, 45.622
1680470175.1610196, 4.271, 45.084
1680470175.3613513, 4.271, 45.084
1680470175.5616927, 4.271, 45.084
1680470175.7620316, 4.283, 45.084
1680470175.9623723, 4.283, 45.084
1680470176.1628284, 4.283, 45.084
1680470176.3632922, 4.283, 45.084
1680470176.5636535, 4.283, 45.084
1680470176.7639408, 4.267, 45.084
1680470176.96429, 4.267, 45.084
1680470177.1646388, 4.267, 45.084
1680470177.365225, 4.267, 45.622
1680470177.5658147, 4.267, 45.084
1680470177.766214, 4.263, 45.084
1680470177.9666023, 4.263, 45.084
1680470178.1672406, 4.263, 45.084
1680470178.3675692, 4.263, 45.622
1680470178.5679328, 4.263, 45.084
1680470178.7682955, 4.271, 45.622
1680470178.9686496, 4.271, 45.084
1680470179.1690166, 4.271, 45.084
1680470179.3694422, 4.271, 45.084
1680470179.5698037, 4.271, 45.622
1680470179.7701404, 4.275, 46.16
1680470179.9705048, 4.275, 45.084
1680470180.1707687, 4.275, 45.084
1680470180.3711054, 4.275, 45.084
1680470180.5716364, 4.275, 45.084
1680470180.7719781, 4.26, 45.084
1680470180.972311, 4.26, 45.084
1680470181.173222, 4.26, 45.084
1680470181.373786, 4.26, 45.622
1680470181.5741072, 4.26, 45.084
1680470181.7744737, 4.271, 45.084
1680470181.974782, 4.271, 45.622
1680470182.1751134, 4.271, 45.622
1680470182.37546, 4.271, 46.16
1680470182.5757895, 4.271, 45.084
1680470182.7761555, 4.271, 45.084
1680470182.9765248, 4.271, 45.084
1680470183.176872, 4.271, 45.084
1680470183.3772652, 4.271, 45.622
1680470183.5776098, 4.271, 45.084
1680470183.7779648, 4.263, 45.084
1680470183.9784136, 4.263, 45.084
1680470184.1788151, 4.263, 45.622
1680470184.3791509, 4.263, 45.084
1680470184.579484, 4.263, 45.622
1680470184.7798378, 4.275, 45.084
1680470184.9801874, 4.275, 45.084
1680470185.1805277, 4.275, 45.084
1680470185.3808765, 4.275, 45.084
1680470185.5812154, 4.275, 45.622
1680470185.7817633, 4.275, 45.084
1680470185.98211, 4.275, 45.084
1680470186.1824658, 4.275, 45.084
1680470186.3827717, 4.275, 45.084
1680470186.5831208, 4.275, 45.622
1680470186.7834597, 4.263, 45.084
1680470186.9838452, 4.263, 45.622
1680470187.184234, 4.263, 45.622
1680470187.384571, 4.263, 45.084
1680470187.5849369, 4.263, 45.084
1680470187.7852871, 4.271, 45.084
1680470187.9856591, 4.271, 45.622
1680470188.1860018, 4.271, 45.622
1680470188.3863506, 4.271, 45.084
1680470188.586765, 4.271, 45.084
1680470188.7870975, 4.267, 45.084
1680470188.9874406, 4.267, 45.084
1680470189.1877694, 4.267, 45.622
1680470189.3881314, 4.267, 45.084
1680470189.5884948, 4.267, 45.622
1680470189.7888625, 4.263, 45.084
1680470189.9892154, 4.263, 45.084
1680470190.1895492, 4.263, 45.084
1680470190.3899012, 4.263, 45.084
1680470190.5902689, 4.263, 45.622
1680470190.7910085, 4.279, 45.084
1680470190.991407, 4.279, 45.622
1680470191.191757, 4.279, 45.622
1680470191.3921025, 4.279, 45.084
1680470191.592476, 4.279, 45.622
1680470191.7928224, 4.267, 45.084
1680470191.993209, 4.267, 45.084
1680470192.193718, 4.267, 45.622
1680470192.3940523, 4.267, 45.084
1680470192.5944247, 4.267, 45.084
1680470192.7947805, 3.996, 45.084
1680470192.995132, 3.996, 45.084
1680470193.1954777, 3.996, 45.084
1680470193.3958466, 3.996, 46.16
1680470193.5962052, 3.996, 45.084
1680470193.7965894, 4.263, 45.084
1680470193.9969358, 4.263, 45.084
1680470194.1973288, 4.263, 46.16
1680470194.3976955, 4.263, 45.084
1680470194.5980654, 4.263, 45.622
1680470194.7984216, 4.267, 45.084
1680470194.9987323, 4.267, 45.622
1680470195.1990895, 4.267, 45.622
1680470195.399474, 4.267, 45.084
1680470195.5998127, 4.267, 45.622
1680470195.8001652, 4.267, 45.084
1680470196.0004995, 4.267, 45.084
1680470196.2009175, 4.267, 45.622
1680470196.4012833, 4.267, 45.084
1680470196.6016366, 4.267, 45.622
1680470196.8020642, 4.275, 45.622
1680470197.0024188, 4.275, 45.622
1680470197.2028012, 4.275, 45.622
1680470197.4031434, 4.275, 45.084
1680470197.6035028, 4.275, 45.622
1680470197.8038423, 4.271, 46.16
1680470198.004232, 4.271, 45.622
1680470198.2045646, 4.271, 45.084
1680470198.4049442, 4.271, 45.622
1680470198.6052976, 4.271, 45.622
1680470198.8056777, 4.263, 45.622
1680470199.0061216, 4.263, 46.16
1680470199.2064905, 4.263, 46.16
1680470199.4068022, 4.263, 45.622
1680470199.6071336, 4.263, 46.16
1680470199.8074632, 4.279, 45.084
1680470200.007806, 4.279, 45.084
1680470200.208158, 4.279, 46.16
1680470200.40848, 4.279, 45.084
1680470200.6089406, 4.279, 45.622
1680470200.809279, 4.271, 45.084
1680470201.0097072, 4.271, 45.084
1680470201.2100785, 4.271, 45.084
1680470201.4104168, 4.271, 45.622
1680470201.6107411, 4.271, 45.084
1680470201.8110917, 4.275, 46.16
1680470202.0114439, 4.275, 45.622
1680470202.2117841, 4.275, 45.622
1680470202.4121711, 4.275, 45.084
1680470202.6125247, 4.275, 45.084
1680470202.8128614, 4.263, 45.622
1680470203.013207, 4.263, 45.622
1680470203.2135556, 4.263, 45.622
1680470203.413924, 4.263, 45.622
1680470203.614263, 4.263, 45.622
1680470203.814608, 4.263, 45.622
1680470204.014954, 4.263, 45.084
1680470204.2152936, 4.263, 45.084
1680470204.4156456, 4.263, 45.622
1680470204.6159823, 4.263, 45.084
1680470204.8163362, 4.271, 46.16
1680470205.016684, 4.271, 45.084
1680470205.2170653, 4.271, 45.622
1680470205.417426, 4.271, 45.622
1680470205.617776, 4.271, 45.622
1680470205.8181164, 4.263, 45.622
1680470206.0184684, 4.263, 46.16
1680470206.2187328, 4.263, 45.084
1680470206.419055, 4.263, 45.622
1680470206.6194036, 4.263, 45.622
1680470206.81979, 4.263, 45.622
1680470207.0201244, 4.263, 45.622
1680470207.2204595, 4.263, 46.16
1680470207.4208026, 4.263, 45.622
1680470207.6211424, 4.263, 46.16
1680470207.8215222, 4.263, 46.16
1680470208.02191, 4.263, 45.084
1680470208.2222538, 4.263, 45.622
1680470208.4226093, 4.263, 46.16
1680470208.6231925, 4.263, 45.084
1680470208.823528, 4.275, 45.622
1680470209.0238955, 4.275, 45.622
1680470209.2242396, 4.275, 46.16
1680470209.4246073, 4.275, 45.622
1680470209.62495, 4.275, 45.622
1680470209.8252938, 4.271, 45.622
1680470210.0257804, 4.271, 45.622
1680470210.2261462, 4.271, 46.16
1680470210.4265897, 4.271, 45.622
1680470210.6269338, 4.271, 46.16
1680470210.8272638, 4.275, 45.622
1680470211.0276518, 4.275, 46.16
1680470211.2279975, 4.275, 45.084
1680470211.4283402, 4.275, 45.622
1680470211.6287725, 4.275, 45.084
1680470211.829244, 4.267, 46.16
1680470212.0296605, 4.267, 45.622
1680470212.2301466, 4.267, 45.622
1680470212.430548, 4.267, 45.622
1680470212.630772, 4.267, 46.16
1680470212.8311207, 4.263, 45.084
1680470213.0314944, 4.263, 45.622
1680470213.2318294, 4.263, 46.16
1680470213.4322035, 4.263, 46.16
1680470213.6326041, 4.263, 45.622
1680470213.832986, 4.325, 46.16
1680470214.033355, 4.325, 45.622
1680470214.23376, 4.325, 45.084
1680470214.434194, 4.325, 45.622
1680470214.6345348, 4.325, 46.16
1680470214.8347955, 4.275, 45.622
1680470215.035127, 4.275, 45.084
1680470215.2355845, 4.275, 45.622
1680470215.4359226, 4.275, 46.16
1680470215.6363087, 4.263, 46.16
1680470215.8366685, 4.263, 45.622
1680470216.0370173, 4.263, 46.16
1680470216.2373626, 4.263, 46.16
1680470216.437836, 4.263, 45.622
1680470216.638176, 4.271, 45.084
1680470216.83859, 4.271, 45.622
1680470217.0389156, 4.271, 45.622
1680470217.2392802, 4.271, 45.622
1680470217.4397397, 4.271, 45.084
1680470217.6400833, 4.26, 45.622
1680470217.8404186, 4.26, 45.084
1680470218.0410292, 4.26, 45.622
1680470218.2414064, 4.26, 46.16
